Segmentation: 1120.183729171753
Grouping: 51.042399406433105