Segmentation: 664.8563642501831
Grouping: 45.84116339683533