Segmentation: 2163.056039094925
Grouping: 168.13404202461243