Segmentation: 2033.7334353923798
Grouping: 8890.0443649292