Segmentation: 276.6613221168518
Grouping: 138.64811849594116