Segmentation: 259.3692555427551
Grouping: 199.27788591384888