Segmentation: 320.4854667186737
Grouping: 11.263894081115723