Segmentation: 379.6425814628601
Grouping: 10.586198091506958