Segmentation: 520.7269864082336
Grouping: 163.61812925338745