Segmentation: 621.8187215328217
Grouping: 200.2600691318512